[gd_scene load_steps=5 format=2]

[ext_resource path="res://scripts/Player.gd" type="Script" id=1]
[ext_resource path="res://scenes/entities/Character.tscn" type="PackedScene" id=2]
[ext_resource path="res://scripts/VirtualCamera.gd" type="Script" id=4]

[sub_resource type="AnimationNodeStateMachinePlayback" id=1]

[node name="Player" instance=ExtResource( 2 )]
script = ExtResource( 1 )

[node name="Sprite" parent="." index="1"]
pixel_size = 0.005

[node name="AnimationTree" parent="." index="3"]
parameters/playback = SubResource( 1 )

[node name="VirtualCamera" type="Position3D" parent="." index="4"]
transform = Transform( 0.999999, 0, 0, 0, 0.939692, 0.34202, 0, -0.34202, 0.939692, 0, 0, 0 )
script = ExtResource( 4 )
follow_offset = Vector3( 0, 0, 3 )
position_smoothing = Vector3( 0.1, 0, 0 )
rotation_smoothing = 0.0

[node name="VirtualCameraRight" type="Position3D" parent="." index="5"]
transform = Transform( 0.999999, 0, 0, 0, 0.939692, 0.34202, 0, -0.342021, 0.939692, 1, 0, 0 )
script = ExtResource( 4 )
priority = 15.0
active = false
follow_offset = Vector3( 0, 0, 3 )
position_smoothing = Vector3( 0.01, 0, 0 )
rotation_smoothing = 0.0

[node name="VirtualCameraLeft" type="Position3D" parent="." index="6"]
transform = Transform( 0.999999, 0, 0, 0, 0.939692, 0.342021, 0, -0.342021, 0.939693, -1, 0, 0 )
script = ExtResource( 4 )
priority = 15.0
active = false
follow_offset = Vector3( 0, 0, 3 )
position_smoothing = Vector3( 0.01, 0, 0 )
rotation_smoothing = 0.0
